  -26
 -779
 -762
  100
  477
   50
 -630
 -987
 -646
 -139
   98
 -634
-1120
-1049
 -557
  353
 1139
  704
 1097
 1577
 1036
  714
  679
  780
 1753
 2098
  825
 -359
 -846
 -290
  601
 1095
 1064
  442
  317
  560
 1256
 1275
 1052
  817
  674
  334
  358
  557
  749
 1149
 1329
 1655
 1841
 1819
 1487
 1690
 1972
 1280
  969
  795
  192
 -300
 -290
 -498
 -220
 -249
 -986
-1318
 -963
 -379
   46
  205
  224
  356
  839
 1053
   84
  -28
   11
  -11
 -187
   78
 1047
  376
  -43
   57
  553
  378
  120
 -379
-1209
-1185
 -991
 -763
 -758
 -359
  263
  227
 -133
  126
  754
  494
  295
 -194
 -305
 -485
  -85
  402
  497
  142
  345
  685
  953
  416
  376
 -191
 -571
 -362
  375
 1325
  544
 -228
 -260
 -316
  152
  426
 -226
 -262
 -309
 -991
 -755
 -200
 -976
-1175
 -545
 -883
-1598
-1371
 -725
 -322
 -738
-1096
 -900
-1031
 -420
  328
  -71
 -235
 -272
 -616
-1056
 -748
 -577
 -145
 -585
 -840
-1297
-1014
 -459
 -358
 -306
  -57
 -165
   17
 -197
  409
  791
  566
  609
  105
  368
  721
  712
  298
  559
  684
  321
  108
   10
  243
 -217
 -519
  281
 1225
 1693
 1680
 1135
  700
  598
  842
 1077
 1285
 1279
 1172
  387
    2
 -334
 -485
  325
 1438
  771
   40
 -410
 -266
 -156
  125
 -123
  291
  104
 -223
  304
  534
  788
 1476
 1187
  768
  401
 -334
  138
  387
  248
  347
   50
  486
  793
  904
  360
  441
  568
 1000
 1713
 1482
 1224
 1285
  974
  486
  148
  157
  678
  834
 1094
 1078
 1246
 1114
 1369
 1304
  552
  711
 1309
  802
  298
  -48
  289
  217
 -113
 -396
 -547
 -656
 -549
 -583